0, 135
1, 263
2, 103
3, 255
4, 276
5, 198
6, 52
7, 25
8, 115
9, 26
10, 234
11, 213
12, 142
13, 208
14, 178
15, 21
16, 18
17, 136
18, 125
19, 144
20, 194
21, 268
22, 12
23, 179
24, 108
25, 123
26, 253
27, 122
28, 46
29, 16
30, 266
31, 134
32, 289
33, 224
34, 11
35, 169
36, 87
37, 197
38, 300
39, 104
40, 146
41, 247
42, 143
43, 191
44, 149
45, 217
46, 70
47, 50
48, 213
49, 242
50, 158
51, 74
52, 291
53, 168
54, 131
55, 255
56, 70
57, 292
58, 27
59, 278
60, 35
61, 213
62, 116
63, 131
64, 271
65, 294
66, 98
67, 144
68, 126
69, 81
70, 171
71, 65
72, 48
73, 274
74, 255
75, 146
76, 216
77, 28
78, 154
79, 185
80, 166
81, 155
82, 200
83, 78
84, 267
85, 179
86, 264
87, 227
88, 20
89, 140
90, 177
91, 89
92, 76
93, 81
94, 93
95, 78
96, 0
97, 272
98, 155
99, 151
100, 11
101, 88
102, 96
103, 296
104, 17
105, 236
106, 121
107, 144
108, 270
109, 268
110, 225
111, 80
112, 199
113, 209
114, 178
115, 206
116, 152
117, 199
118, 290
119, 20
120, 14
121, 129
122, 65
123, 200
124, 176
125, 69
126, 283
127, 154
128, 185
129, 219
130, 174
131, 221
132, 229
133, 273
134, 161
135, 223
136, 194
137, 46
138, 122
139, 136
140, 143
141, 143
142, 180
143, 56
144, 149
145, 204
146, 119
147, 159
148, 253
149, 76
150, 56
151, 210
152, 119
153, 100
154, 170
155, 56
156, 257
157, 166
158, 132
159, 119
160, 209
161, 224
162, 276
163, 278
164, 143
165, 53
166, 268
167, 75
168, 27
169, 66
170, 287
171, 206
172, 151
173, 140
174, 252
175, 226
176, 209
177, 3
178, 220
179, 283
180, 112
181, 209
182, 44
183, 2
184, 7
185, 299
186, 221
187, 224
188, 127
189, 179
190, 285
191, 166
192, 135
193, 102
194, 219
195, 159
196, 251
197, 141
198, 268
199, 293
200, 138
201, 80
202, 224
203, 37
204, 119
205, 285
206, 128
207, 85
208, 261
209, 101
210, 77
211, 203
212, 227
213, 33
214, 268
215, 127
216, 131
217, 238
218, 121
219, 107
220, 129
221, 159
222, 157
223, 113
224, 59
225, 224
226, 84
227, 128
228, 109
229, 276
230, 286
231, 212
232, 211
233, 55
234, 185
235, 176
236, 3
237, 112
238, 105
239, 238
240, 80
241, 164
242, 142
243, 178
244, 74
245, 125
246, 54
247, 97
248, 64
249, 155
250, 61
251, 84
252, 77
253, 158
254, 44
255, 113
256, 57
257, 41
258, 239
259, 297
260, 239
261, 287
262, 237
263, 227
264, 238
265, 50
266, 194
267, 261
268, 78
269, 104
270, 19
271, 103
272, 55
273, 104
274, 243
275, 85
276, 292
277, 100
278, 209
279, 118
280, 150
281, 261
282, 237
283, 257
284, 85
285, 63
286, 291
287, 171
288, 182
289, 9
290, 90
291, 280
292, 54
293, 18
294, 166
295, 10
296, 278
297, 107
298, 87
299, 120
300, 48
301, 128
302, 183
303, 154
304, 32
305, 30
306, 249
307, 147
308, 253
309, 51
310, 85
311, 293
312, 173
313, 140
314, 135
315, 230
316, 232
317, 241
318, 11
319, 235
320, 272
321, 176
322, 185
323, 289
324, 195
325, 133
326, 218
327, 28
328, 287
329, 236
330, 227
331, 151
332, 49
333, 190
334, 82
335, 289
336, 224
337, 58
338, 51
339, 68
340, 50
341, 197
342, 143
343, 36
344, 184
345, 27
346, 243
347, 258
348, 105
349, 130
350, 125
351, 109
352, 33
353, 6
354, 131
355, 40
356, 251
357, 154
358, 205
359, 167
360, 255
361, 209
362, 246
363, 261
364, 201
365, 168
366, 257
367, 162
368, 57
369, 194
370, 191
371, 13
372, 159
373, 194
374, 246
375, 211
376, 16
377, 240
378, 116
379, 276
380, 185
381, 59
382, 161
383, 162
384, 280
385, 205
386, 171
387, 81
388, 220
389, 294
390, 205
391, 114
392, 172
393, 140
394, 117
395, 63
396, 128
397, 2
398, 156
399, 67
400, 199
401, 117
402, 59
403, 23
404, 197
405, 50
406, 226
407, 218
408, 246
409, 160
410, 80
411, 29
412, 216
413, 145
414, 53
415, 249
416, 298
417, 207
418, 179
419, 39
420, 295
421, 266
422, 186
423, 253
424, 273
425, 62
426, 81
427, 122
428, 98
429, 65
430, 159
431, 281
432, 130
433, 55
434, 254
435, 144
436, 229
437, 76
438, 2
439, 97
440, 42
441, 245
442, 298
443, 106
444, 212
445, 245
446, 272
447, 241
448, 129
449, 100
450, 175
451, 79
452, 186
453, 13
454, 57
455, 136
456, 50
457, 47
458, 146
459, 128
460, 276
461, 267
462, 273
463, 245
464, 132
465, 63
466, 293
467, 188
468, 25
469, 5
470, 299
471, 184
472, 214
473, 221
474, 183
475, 97
476, 42
477, 77
478, 226
479, 104
480, 57
481, 113
482, 79
483, 140
484, 290
485, 62
486, 194
487, 46
488, 129
489, 63
490, 147
491, 57
492, 268
493, 136
494, 58
495, 272
496, 6
497, 183
498, 79
499, 65
500, 144
501, 261
502, 92
503, 246
504, 70
505, 75
506, 31
507, 120
508, 121
509, 199
510, 236
511, 98
512, 142
513, 143
514, 26
515, 40
516, 152
517, 135
518, 287
519, 274
520, 44
521, 210
522, 50
523, 270
524, 205
525, 262
526, 273
527, 97
528, 97
529, 27
530, 286
531, 226
532, 4
533, 44
534, 31
535, 216
536, 295
537, 81
538, 300
539, 142
540, 12
541, 45
542, 1
543, 59
544, 127
545, 240
546, 46
547, 151
548, 42
549, 272
550, 235
551, 161
552, 160
553, 163
554, 97
555, 3
556, 87
557, 80
558, 227
559, 297
560, 149
561, 56
562, 289
563, 43
564, 180
565, 34
566, 97
567, 225
568, 27
569, 94
570, 113
571, 74
572, 131
573, 160
574, 46
575, 147
576, 11
577, 63
578, 53
579, 71
580, 80
581, 42
582, 161
583, 131
584, 299
585, 163
586, 177
587, 92
588, 108
589, 133
590, 218
591, 125
592, 258
593, 85
594, 270
595, 60
596, 105
597, 92
598, 178
599, 62
600, 229
601, 264
602, 56
603, 203
604, 137
605, 170
606, 149
607, 124
608, 122
609, 71
610, 162
611, 184
612, 237
613, 118
614, 163
615, 67
616, 260
617, 13
618, 161
619, 220
620, 82
621, 276
622, 104
623, 140
624, 267
625, 294
626, 270
627, 5
628, 219
629, 241
630, 236
631, 200
632, 288
633, 254
634, 66
635, 245
636, 198
637, 195
638, 202
639, 238
640, 161
641, 216
642, 198
643, 67
644, 91
645, 32
646, 263
647, 182
648, 78
649, 192
650, 113
651, 82
652, 227
653, 97
654, 132
655, 123
656, 131
657, 27
658, 284
659, 242
660, 200
661, 280
662, 123
663, 3
664, 227
665, 160
666, 195
667, 177
668, 72
669, 140
670, 22
671, 161
672, 83
673, 4
674, 25
675, 77
676, 188
677, 247
678, 67
679, 83
680, 155
681, 208
682, 92
683, 48
684, 7
685, 149
686, 185
687, 299
688, 136
689, 225
690, 138
691, 297
692, 64
693, 269
694, 215
695, 14
696, 48
697, 41
698, 101
699, 19
700, 257
701, 229
702, 23
703, 45
704, 31
705, 188
706, 132
707, 77
708, 238
709, 268
710, 133
711, 280
712, 190
713, 65
714, 116
715, 49
716, 206
717, 287
718, 59
719, 258
720, 111
721, 290
722, 25
723, 294
724, 259
725, 142
726, 73
727, 96
728, 188
729, 286
730, 143
731, 199
732, 241
733, 281
734, 263
735, 154
736, 207
737, 292
738, 47
739, 162
740, 274
741, 195
742, 195
743, 110
744, 231
745, 196
746, 24
747, 155
748, 194
749, 289
750, 92
751, 189
752, 186
753, 165
754, 144
755, 55
756, 179
757, 43
758, 37
759, 107
760, 229
761, 250
762, 81
763, 222
764, 265
765, 194
766, 195
767, 40
768, 90
769, 134
770, 0
771, 296
772, 176
773, 253
774, 297
775, 266
776, 19
777, 46
778, 300
779, 97
780, 142
781, 251
782, 232
783, 78
784, 152
785, 161
786, 44
787, 198
788, 204
789, 41
790, 205
791, 159
792, 155
793, 231
794, 159
795, 291
796, 98
797, 63
798, 104
799, 140
800, 280
801, 153
802, 151
803, 214
804, 173
805, 38
806, 250
807, 137
808, 162
809, 110
810, 244
811, 141
812, 287
813, 18
814, 240
815, 78
816, 146
817, 177
818, 70
819, 197
820, 222
821, 280
822, 248
823, 282
824, 181
825, 169
826, 40
827, 59
828, 61
829, 132
830, 74
831, 122
832, 196
833, 249
834, 87
835, 241
836, 14
837, 122
838, 273
839, 196
840, 210
841, 148
842, 52
843, 293
844, 74
845, 258
846, 10
847, 166
848, 280
849, 116
850, 197
851, 119
852, 261
853, 82
854, 35
855, 103
856, 258
857, 230
858, 287
859, 300
860, 11
861, 176
862, 58
863, 113
864, 222
865, 97
866, 248
867, 48
868, 195
869, 238
870, 238
871, 195
872, 52
873, 89
874, 230
875, 242
876, 54
877, 261
878, 167
879, 81
880, 185
881, 100
882, 142
883, 152
884, 146
885, 131
886, 15
887, 102
888, 21
889, 117
890, 251
891, 172
892, 144
893, 93
894, 190
895, 92
896, 211
897, 60
898, 155
899, 234
900, 20
901, 221
902, 244
903, 149
904, 96
905, 19
906, 160
907, 256
908, 217
909, 275
910, 172
911, 199
912, 243
913, 49
914, 201
915, 208
916, 200
917, 95
918, 292
919, 105
920, 245
921, 285
922, 278
923, 300
924, 210
925, 211
926, 261
927, 91
928, 249
929, 299
930, 95
931, 284
932, 30
933, 88
934, 243
935, 138
936, 261
937, 181
938, 75
939, 57
940, 247
941, 192
942, 12
943, 219
944, 160
945, 62
946, 251
947, 127
948, 204
949, 81
950, 180
951, 227
952, 95
953, 163
954, 253
955, 23
956, 98
957, 123
958, 57
959, 89
960, 93
961, 110
962, 136
963, 198
964, 198
965, 94
966, 45
967, 13
968, 264
969, 142
970, 49
971, 37
972, 0
973, 236
974, 94
975, 262
976, 255
977, 99
978, 132
979, 95
980, 69
981, 133
982, 52
983, 170
984, 42
985, 55
986, 67
987, 50
988, 92
989, 254
990, 72
991, 252
992, 76
993, 245
994, 138
995, 185
996, 297
997, 188
998, 57
999, 56
